%% 

xi0=[0.909297, 0., 2.0033, 1.41034];
xi0f=[0.909297, -5.43656, 0.969273, 1.60983];
xi0ff=[1.74159, 0., -5.50132, 1.1457];
xi0fff=[2.49688, 43.4925, -23.5614, -7.95999];
xi0ffff=[-9.47799, 0., -6.85067, -45.0135];

xi1 = [-0.416147, 0., 3.05674, 0.709028];
xi1f = [1.40245, -13.5914, 6.14166, 4.64655];
xi1ff = [5.45578, 0., -8.07533, 9.86719];
xi1fff = [15.3352, 163.097, -88.6056, -4.38063];

a = 1; an=0;ann=0;a3n=0;af=0;aff=0;a3f=0;anf=0;anff=0;annf=0;

b = [2., 1.36788, 1.49307, 1.68203];
bn = [0., -0.735759, -0.697304, -0.522002];
bnn = [0., 1.10364, 0.637485, 0.138522];
b3n = [0., -1.47152, -0.612707, -0.228499];
bf = [-1., 0., -0.348652, -0.630112];
bff = [1., 0.367879, 0.595187, 0.843149];
b3f = [-1.33227*10^-15, 0., -0.565277, -0.631123];
bnf = [-2., 0., -0.204236, -0.777958];
bnff = [4., -6.66134*10^-16, 0.841721, 2.20528];
bnnf = [-1., 0., 1.17285, 1.17098];

sigma = 0; sigma_f=0;  sigma_ff=0; sigma_n=0; sigma_nf=0; sigma_nn=0;

h =[0.5, 1., 0.790569, 0.599862];
hn = [1., 0.5, 0.632456, 0.833524];
hnn = [0.5, 1., 1.07517, 0.925607];
hf = [0., 0., 0.474342, 0.442043];
hff = [1.5, -0.75, -0.284605, 0.558341];
hnf = [0., 0., -0.379473, -0.61423];

obj.phi = [0,pi/2, pi/4, pi/8];

